465
918
531
566
976
866
641
725
94
362
154
424
25
483
373
851
18
36
836
731
757
840
946
931
508
247
764
451
975
170
93
64
622
621
961
57
678
80
432
374
610
887
68
261
108
254
674
216
688
536
420
69
721
752
701
406
483
602
614
772
725
857
75
954
702
290
460
378
46
580
938
980
76
218
257
445
755
428
990
13
734
751
129
71
304
50
89
694
818
442
681
160
256
594
885
991
594
766
313
990
565
408
147
917
293
432
896
96
781
269
812
742
185
784
764
348
580
553
115
96
657
176
886
351
140
8
53
594
173
504
674
861
312
885
865
378
655
31
615
20
526
636
336
940
535
938
601
810
10
162
401
529
862
64
912
230
448
997
687
204
72
55
40
431
378
858
369
138
616
259
8
183
724
289
522
56
861
671
860
925
386
110
829
892
399
529
993
302
116
3
659
87
139
181
88
27
805
140
12
402
767
814
18
330
910
895
363
114
413
830
451
384
737
354
456
2
202
417
513
598
665
298
519
505
504
524
174
548
142
682
608
393
449
310
651
217
633
781
165
830
800
508
98
560
13
162
29
218
139
517
910
556
219
546
144
16
299
94
153
783
217
698
931
16
439
406
912
589
981
365
130
396
867
574
687
498
590
502
205
967
425
196
574
421
733
367
223
821
181
908
659
274
978
857
253
663
496
13
351
128
832
663
140
395
327
371
858
368
409
38
59
417
198
252
857
954
472
281
588
591
496
137
740
570
843
665
808
268
711
45
979
95
14
27
145
353
570
434
32
306
86
249
899
428
92
244
322
506
79
319
764
807
334
379
403
95
831
900
19
519
482
714
758
417
138
827
779
123
428
124
548
427
328
13
869
46
871
975
52
377
882
297
366
356
500
429
113
563
197
392
230
569
24
826
630
91
900
163
908
341
342
719
946
200
570
459
825
958
389
553
274
237
418
809
590
259
341
371
330
124
615
910
561
331
967
763
413
332
372
929
181
230
69
166
41
251
645
626
550
88
256
386
575
880
798
95
80
390
883
43
241
809
22
317
497
484
362
638
163
546
879
444
972
67
405
655
299
16
966
806
903
77
53
302
372
542
752
552
301
23
537
138
519
763
776
326
543
740
933
738
512
537
12
310
186
199
306
442
323
226
403
619
857
384
93
534
97
861
722
613
189
841
678
505
199
226
665
169
891
269
790
930
570
114
834
122
592
885
11
305
891
368
323
851
617
884
358
407
978
745
961
173
931
427
164
164
922
599
988
902
470
921
275
159
317
368
48
955
32
579
706
624
696
896
355
986
748
449
767
727
346
412
412
810
541
74
344
386
361
9
684
50
736
703
187
728
234
812
799
364
598
844
976
737
532
317
563
688
809
215
552
726
821
643
296
382
270
34
516
413
404
757
795
49
849
168
572
445
759
526
749
72
378
570
780
794
326
828
208
735
908
724
627
273
311
922
9
826
483
914
705
351
686
41
927
770
54
448
114
66
404
291
615
360
302
775
228
612
864
719
114
159
815
400
900
114
434
926
910
989
33
619
202
190
946
172
252
90
144
360
625
438
270
216
1
120
66
239
542
554
13
196
90
606
427
729
115
450
388
272
671
206
147
741
220
235
198
531
435
986
278
303
329
211
701
747
10
990
43
524
912
467
789
81
567
958
751
57
762
511
53
283
788
576
575
999
27
579
161
664
63
940
190
161
709
111
56
681
744
426
751
903
719
132
639
621
293
641
987
749
561
807
775
278
450
682
614
145
361
98
203
256
694
941
289
945
585
424
808
864
363
510
505
24
69
884
937
899
516
393
334
825
172
851
703
324
82
651
815
385
194
31
496
703
523
229
990
249
695
252
322
971
471
900
791
67
20
580
439
130
712
621
896
710
702
207
913
190
551
657
265
319
811
695
169
151
943
548
780
226
118
36
445
810
360
219
669
536
169
208
301
282
258
8
900
823
806
405
945
343
634
375
70
111
962
856
216
865
14
74
569
463
337
697
883
662
538
702
354
781
461
686
859
629
373
213
128
280
30
49
684
949
634
985
929
18
328
759
95
158
782
118
979
675
978
134
245
418
843
693
168
396
622
881
180
246
818
289
200
159
404
790
909
666
706
208
831
362
356
920
956
56
145
825
606
924
339
548
622
235
78
672
3
236
732
183
970
782
155
585
491
247
688
93
628
448
479
143
96
194
739
968
307
560
56
198
613
400
257
212
497
214
492
7
849
279
481
799
584
425
517
204
343
614
994
621
105
305
493
256
819
983
237
537
392
20
952
401
623
469
270
581
102
559
158
13
599
865
626
631
724
142
909
764
160
889
167
797
550
195
867
385
14
719
915
305
503
163
45
633
555
503
731
789
765
877
946
300
93
744
355
29
537
79
418
976
506
895
106
932
947
417
568
327
400
988
556
126
482
196
459
66
512
994
713
579
742
336
903
923
906
5
545
308
622
603
633
904
174
905
475
97
130
778
617
222
630
205
248
969
399
662
282
509
97
80
84
752
312
330
13
578
608
446
385
143
597
337
347
594
450
43
856
148
50
826
220
783
954
451
646
539
939
180
886
252
358
126
525
229
759
33
51
321
213
224
767
278
706
674
248
962
567
484
118
107
425
149
236
438
790
684
314
151
550
596
613
138
168
464
812
391
577
712
564
508
969
495
948
929
781
232
45
631
277
698
21
625
394
357
775
328
740
630
706
484
676
242
33
481
807
948
312
357
959
156
782
710
352
634
625
541
414
759
930
844
907
42
687
408
710
116
375
249
765
364
104
172
132
771
772
910
753
179
742
977
426
290
591
361
687
198
481
456
334
595
650
263
45
444
53
949
294
571
666
752
605
406
412
677
656
456
200
618
359
60
580
772
75
908
819
841
889
550
995
906
188
651
413
46
225
741
312
34
901
351
861
745
930
265
122
346
64
219
419
843
99
44
154
330
452
560
484
830
773
350
662
225
74
313
608
185
637
45
89
494
107
410
706
407
387
724
330
21
420
535
97
626
390
890
893
60
732
151
636
245
225
236
297
559
252
538
657
315
349
297
847
463
172
11
873
678
682
163
534
730
382
767
361
937
623
935
785
116
69
969
25
236
639
282
482
123
50
541
895
765
10
884
20
463
488
550
862
741
240
996
935
194
721
121
240
900
570
345
404
810
730
669
957
690
939
11
735
776
842
962
917
189
809
976
870
147
85
213
102
246
342
932
915
8
944
484
978
802
889
177
716
307
188
852
494
401
131
657
234
524
716
436
404
541
707
674
807
823
831
3
452
28
198
686
411
859
165
427
739
22
207
507
6
256
611
803
950
155
179
656
855
879
251
978
967
168
860
859
186
725
647
423
444
66
494
152
833
8
269
877
715
96
422
452
277
146
457
229
847
152
822
891
867
277
276
991
904
16
281
67
436
339
418
476
178
653
147
618
63
792
805
109
981
42
424
266
540
307
377
357
802
402
471
154
287
841
126
545
174
86
492
984
388
643
344
156
599
247
617
221
452
45
587
962
679
176
99
165
233
279
277
272
684
487
675
229
723
806
573
375
775
973
36
294
74
356
85
386
919
51
820
702
241
979
659
554
244
185
716
123
776
992
326
607
643
956
391
401
375
314
843
962
160
384
603
343
978
245
485
581
840
290
456
447
363
309
827
571
163
188
115
569
90
568
453
880
704
820
412
173
558
345
868
773
528
323
44
203
765
17
464
918
455
953
507
98
908
149
237
527
722
767
952
15
963
710
519
417
498
804
693
873
221
97
149
585
403
703
244
612
149
548
500
256
783
945
902
345
211
765
129
16
283
267
495
907
703
426
151
941
435
415
470
901
122
479
737
390
833
801
530
40
955
603
241
382
656
315
808
366
485
375
357
477
724
141
32
439
649
252
83
262
32
402
228
179
81
44
744
631
572
197
123
490
832
216
15
997
791
817
377
508
628
389
737
862
123
576
749
495
401
318
672
327
464
141
143
121
425
899
148
432
287
465
257
419
815
650
330
895
926
198
889
257
197
173
930
676
805
368
364
851
697
865
90
67
566
937
433
886
223
834
369
813
241
887
143
644
356
147
607
279
824
156
501
969
448
132
418
665
229
924
743
308
269
779
211
469
717
386
391
119
146
82
57
510
336
236
384
23
342
211
168
718
103
657
489
769
305
123
944
918
248
741
980
371
846
38
341
695
246
98
836
559
711
219
761
818
775
750
960
299
29
584
330
419
83
126
718
326
150
450
674
420
325
219
928
412
219
370
307
109
149
164
311
698
239
183
964
820
288
796
797
551
954
814
239
430
591
440
105
369
978
270
877
512
248
441
315
313
318
859
921
622
558
275
684
693
301
848
953
828
36
722
567
431
444
626
366
803
864
908
963
170
233
671
533
737
70
673
111
787
82
333
515
50
775
591
437
734
854
999
362
675
933
916
161
491
186
193
542
633
346
516
9
854
886
146
166
31
905
810
196
924
197
987
898
340
664
398
837
179
369
50
812
385
995
853
745
343
834
485
538
656
520
365
313
224
135
974
6
384
506
426
905
137
512
829
746
535
68
668
907
833
919
57
125
668
698
690
93
533
510
679
206
791
852
267
205
945
163
701
476
191
748
928
583
132
281
543
88
804
380
49
409
164
925
988
255
875
72
999
522
479
584
174
887
266
337
228
294
908
708
193
465
977
731
99
49
631
546
655
761
702
722
33
946
359
912
122
910
340
196
686
872
210
628
285
665
584
921
24
135
762
951
711
538
12
891
921
250
45
635
157
580
78
288
338
480
184
266
968
304
566
9
935
923
565
249
563
666
272
508
27
521
71
588
987
879
818
380
764
792
939
249
596
400
504
372
631
890
867
513
571
9
874
336
706
981
169
132
434
796
746
533
834
223
225
545
255
19
941
425
631
903
661
778
815
88
953
389
880
849
424
513
306
23
881
953
365
730
715
35
657
672
511
928
552
970
932
41
592
648
519
79
593
707
925
383
443
515
675
813
765
751
349
97
146
353
570
560
104
142
820
515
220
532
288
954
621
117
252
389
381
253
452
488
890
216
397
471
810
842
486
250
201
597
339
9
143
384
870
284
335
124
210
448
224
686
275
492
117
597
232
82
220
478
621
12
348
431
877
989
999
352
245
376
672
546
518
550
234
640
15
273
698
699
321
802
67
306
32
524
370
730
72
49
234
167
79
408
278
92
368
480
389
486
48
589
438
687
23
909
828
966
58
685
865
804
947
752
744
118
488
264
512
950
779
711
445
150
644
646
947
797
954
126
760
166
123
736
894
461
925
933
900
573
28
934
854
209
623
996
183
591
515
414
990
298
465
698
832
843
516
107
771
872
574
797
541
773
691
726
119
13
902
595
622
438
819
631
179
289
470
492
665
83
855
177
503
389
153
941
634
957
263
718
874
398
52
679
172
126
656
208
671
277
377
638
634
955
626
969
996
794
545
811
152
133
491
801
717
10
151
422
938
20
232
866
166
102
71
339
513
32
563
650
543
933
101
227
821
263
181
437
297
642
663
946
316
663
224
246
530
15
142
836
409
629
861
924
368
230
316
725
155
873
286
826
539
629
748
309
887
926
678
438
173
1
131
920
537
154
567
168
276
441
598
888
227
285
85
350
867
926
311
795
227
379
897
40
190
887
805
597
96
436
179
106
789
379
900
884
468
122
395
293
462
473
580
418
913
854
916
168
793
960
392
870
332
557
502
983
138
343
659
672
798
716
929
831
220
594
671
676
228
453
301
430
881
864
444
965
702
159
885
703
431
182
948
154
1
548
317
22
521
205
552
785
438
751
382
656
909
323
303
910
211
978
533
756
894
580
101
903
931
171
322
92
104
910
505
67
401
887
489
114
542
401
750
708
614
165
846
774
250
571
926
185
676
454
739
859
851
680
274
145
521
376
193
197
663
97
418
239
262
336
438
418
515
92
499
540
475
140
903
618
859
484
861
233
462
18
732
465
417
736
288
406
193
513
763
688
466
917
352
211
107
367
923
413
920
817
791
599
850
186
585
949
540
53
358
375
13
320
982
770
503
631
954
112
768
883
601
232
291
610
290
613
371
466
570
704
10
968
62
167
926
41
133
745
648
224
51
499
183
27
410
425
529
65
734
951
4
881
922
962
794
483
901
8
181
47
443
663
964
225
949
780
625
727
126
127
756
40
440
784
795
165
63
283
257
721
803
893
148
500
618
848
232
896
589
294
564
58
806
103
512
163
148
286
274
144
821
462
967
228
308
412
901
739
498
201
977
226
737
318
702
417
344
923
631
0
958
950
707
209
676
892
902
905
800
233
242
529
828
324
440
642
886
643
677
429
217
712
215
897
133
301
969
823
98
981
272
790
140
683
196
589
284
699
62
403
667
338
667
897
693
844
651
991
572
296
741
305
396
942
133
805
392
794
180
556
901
250
999
126
711
904
807
948
681
83
810
336
706
217
421
574
637
102
149
349
479
857
432
334
323
10
348
437
276
857
929
492
579
414
802
641
300
821
855
306
390
232
330
126
962
599
500
657
791
115
400
576
490
56
142
309
769
101
478
678
5
31
585
991
385
591
865
737
182
825
72
341
682
901
347
168
800
944
89
191
22
493
402
251
810
585
483
242
501
416
505
186
631
270
172
397
818
121
73
304
36
246
267
231
870
931
67
693
613
989
682
93
926
605
409
498
328
774
71
56
455
17
356
691
666
881
490
863
777
999
589
996
428
196
937
278
761
794
51
4
764
274
88
686
14
852
261
587
11
77
806
611
53
499
883
340
727
812
954
243
709
829
278
842
101
564
245
182
891
617
122
938
890
439
4
723
418
242
246
160
763
547
591
856
626
776
339
373
758
653
573
900
66
10
107
754
963
83
467
488
860
171
334
178
305
163
740
191
143
74
271
904
496
816
898
951
14
203
299
147
831
584
119
940
535
561
621
106
989
601
549
683
219
629
384
74
608
340
142
565
515
417
339
831
602
729
729
553
584
188
594
52
427
488
177
766
31
30
900
72
714
840
387
704
361
846
364
97
931
893
647
768
855
119
934
542
338
758
639
468
878
576
625
174
110
394
36
44
780
100
672
698
586
357
801
946
434
571
781
402
845
896
568
518
488
245
577
950
135
232
437
98
434
51
575
253
988
757
484
594
833
705
828
723
850
238
754
619
652
765
837
442
869
803
437
457
101
579
175
196
516
458
359
513
620
945
695
217
334
542
398
845
219
786
70
90
680
464
129
650
38
703
647
475
964
897
33
242
557
380
910
87
630
786
709
878
226
30
450
451
368
256
438
68
515
729
500
302
277
85
943
993
623
765
987
926
362
336
97
194
915
343
289
936
373
126
950
538
947
766
135
205
186
659
368
208
0
298
498
487
882
889
647
443
88
115
117
933
656
746
226
622
422
102
475
52
809
775
125
350
673
457
67
903
177
556
161
866
306
155
745
400
692
200
629
739
606
918
677
259
431
920
225
406
207
386
680
181
461
709
398
522
25
725
820
707
657
708
88
633
173
409
299
435
369
768
484
544
353
154
824
556
428
305
901
507
247
34
360
377
152
696
457
247
76
271
766
424
114
878
509
245
391
213
797
440
517
327
797
748
201
239
161
878
589
738
242
35
633
811
879
661
344
944
212
69
358
30
288
505
510
466
355
315
765
244
135
543
576
930
882
724
946
48
376
788
725
168
315
483
511
96
321
180
578
435
445
424
962
427
577
441
4
551
884
782
597
788
512
352
374
549
737
657
670
23
167
343
105
51
475
887
131
744
835
519
253
338
308
557
134
814
370
16
356
542
8
944
711
944
567
627
194
418
453
749
793
150
390
940
606
622
455
992
952
126
623
758
182
281
615
657
24
270
561
662
518
139
586
219
848
356
477
658
573
911
510
537
213
627
477
920
113
210
986
754
635
690
232
454
493
364
421
912
141
132
556
466
626
607
287
959
43
699
913
65
153
778
552
98
435
47
262
37
881
906
404
512
584
940
62
735
150
898
236
595
56
364
217
325
7
467
698
263
611
411
29
254
251
530
616
59
690
378
918
316
853
914
943
702
898
702
390
15
820
872
221
499
605
991
992
911
578
768
302
658
599
240
263
308
951
867
409
93
446
181
81
137
790
868
359
826
612
199
177
13
608
605
763
242
324
965
470
140
357
804
680
731
991
797
333
559
157
706
371
474
664
866
729
191
138
572
931
151
880
283
456
105
904
614
418
665
240
419
952
785
417
175
64
774
279
244
59
755
241
226
907
369
795
873
837
650
230
363
844
887
690
806
496
89
37
752
876
332
253
940
259
776
258
724
26
640
301
189
144
825
81
27
574
970
514
320
883
354
318
897
400
851
358
70
856
585
860
401
254
961
150
222
39
285
639
77
429
57
550
66
944
517
255
54
423
705
205
525
828
881
252
765
722
864
699
86
764
366
374
715
904
87
202
722
504
632
36
568
542
400
578
663
908
364
424
744
270
136
585
209
93
163
107
120
503
208
827
750
468
157
212
431
824
779
998
917
498
736
428
736
184
554
384
327
767
692
421
507
193
158
413
297
502
667
264
313
542
578
507
510
120
474
202
852
414
157
610
224
58
947
408
784
682
608
181
48
253
494
959
245
60
348
198
939
899
503
341
733
900
888
539
952
384
213
374
971
483
40
732
991
581
530
567
450
740
676
492
829
502
984
256
856
987
846
392
624
207
586
466
574
465
723
273
474
448
873
73
210
818
328
330
190
377
39
50
630
333
742
154
186
467
210
565
54
271
917
125
433
929
359
451
356
561
605
362
57
409
920
204
563
751
117
919
678
192
309
351
447
956
640
147
329
840
858
121
416
604
699
918
209
215
543
792
842
185
210
357
712
590
77
263
857
517
508
452
134
52
998
87
386
40
171
859
160
474
595
701
324
607
56
86
354
358
835
838
672
267
987
627
958
246
36
291
648
753
69
327
512
269
540
829
985
805
524
706
100
581
884
139
323
909
818
284
590
428
34
873
409
688
969
885
372
880
438
528
137
691
880
373
400
909
830
214
774
148
352
859
902
270
991
97
900
343
321
355
865
909
705
411
55
120
770
408
276
438
963
242
785
899
281
945
89
663
308
472
740
501
935
607
114
577
258
43
633
241
847
147
725
81
119
69
658
799
547
589
404
34
266
102
613
128
11
36
92
309
616
745
657
491
744
657
454
789
883
627
951
848
574
361
458
784
564
993
666
357
378
960
808
959
358
43
638
659
920
651
645
916
42
39
248
689
801
382
733
764
819
931
843
346
810
560
976
836
360
851
122
96
181
938
348
740
868
444
478
736
174
306
466
294
877
295
564
102
34
406
627
993
699
43
927
559
631
960
345
771
973
506
829
616
562
395
510
364
330
51
869
845
998
189
775
566
362
820
602
457
549
138
0
924
637
478
58
819
20
442
485
945
636
448
655
823
109
102
520
627
325
272
645
362
894
509
817
91
632
614
575
408
59
480
949
923
871
679
126
877
365
353
330
897
546
291
43
810
409
127
329
957
621
224
735
23
79
29
180
172
218
902
337
795
862
947
740
116
659
594
27
129
751
130
437
416
145
999
972
414
740
834
971
441
676
276
34
556
103
443
169
624
566
187
402
903
694
666
840
200
85
806
775
568
333
890
431
329
433
946
24
170
114
127
950
76
423
439
777
649
263
761
598
426
418
683
593
344
585
963
851
124
895
336
753
32
592
998
190
832
379
117
887
339
244
644
946
436
366
98
831
508
737
792
849
185
607
449
324
342
11
297
892
249
481
418
954
629
924
891
893
406
196
331
315
464
340
55
776
252
832
499
226
473
329
363
576
794
516
311
129
410
920
903
222
990
103
571
696
702
621
52
15
418
283
161
315
163
216
686
15
831
93
457
530
139
147
406
327
212
331
298
861
363
585
535
20
93
821
946
297
179
512
895
69
241
130
458
754
271
545
162
259
561
478
276
438
888
659
470
997
697
43
944
349
57
921
38
80
619
992
955
306
305
398
966
959
84
784
894
966
347
671
434
671
450
465
810
437
865
8
521
99
94
683
752
746
844
765
533
432
623
353
931
453
775
379
786
826
631
442
127
12
569
955
527
377
294
187
181
535
46
667
515
544
665
181
110
603
664
57
212
479
994
845
984
652
881
253
889
669
899
430
168
441
715
768
302
699
801
880
89
487
959
477
231
459
887
901
313
300
912
670
834
161
86
89
114
422
633
351
894
783
202
910
996
813
169
854
398
373
434
368
220
239
662
389
849
731
561
319
492
350
947
773
771
175
276
317
550
638
741
692
885
479
535
864
624
483
665
195
733
735
663
798
437
520
568
950
201
244
981
645
957
584
94
454
766
79
815
458
682
972
338
224
579
245
457
865
134
693
235
880
253
18
176
667
887
990
905
375
744
88
158
789
807
500
126
978
903
517
168
175
349
196
694
649
51
946
876
94
968
500
478
660
376
629
665
596
287
246
590
532
99
110
778
581
761
758
575
161
485
164
932
275
293
218
459
780
290
647
422
936
982
357
331
545
890
874
57
458
818
855
667
106
533
313
295
366
689
223
509
608
815
309
338
478
924
679
805
211
937
716
21
822
996
241
812
8
727
671
106
288
435
722
245
360
188
213
652
252
625
873
885
83
508
422
643
780
454
116
540
620
656
406
811
690
405
758
679
26
912
280
619
373
794
184
129
249
859
86
851
209
28
958
150
107
460
36
90
364
930
434
333
491
614
83
632
795
535
907
651
813
233
238
793
897
265
289
592
989
109
654
616
775
294
658
144
468
124
839
917
663
857
653
898
583
956
115
244
24
554
466
725
319
577
131
582
733
600
725
309
543
422
426
563
289
616
617
663
549
522
890
870
679
403
213
144
931
470
195
984
735
905
935
470
746
556
574
916
912
361
506
310
72
58
263
303
304
821
940
332
491
193
213
876
17
871
674
70
587
992
56
130
499
596
799
716
628
975
248
187
719
222
299
263
633
990
749
118
689
580
718
816
748
656
48
303
766
91
971
490
519
204
139
670
681
49
269
753
450
390
942
427
174
792
716
396
616
964
933
581
817
82
958
620
332
121
951
851
128
987
324
86
948
144
636
93
352
166
664
466
737
882
69
405
158
11
894
515
569
437
576
608
48
788
23
447
63
56
372
357
178
270
4
264
517
346
206
190
374
158
706
623
609
352
896
724
505
997
148
976
220
929
469
348
384
224
155
364
634
349
878
379
402
259
648
989
472
540
170
287
972
679
907
754
453
392
334
291
227
222
322
242
454
801
35
817
659
455
183
502
55
349
678
858
11
755
514
93
277
874
657
969
392
973
660
965
851
950
310
106
45
514
664
739
159
977
786
475
425
386
770
921
708
969
815
762
938
23
0
522
705
317
128
929
568
486
952
515
244
750
353
771
301
507
474
659
635
833
832
391
388
118
624
558
790
529
883
71
129
947
723
921
112
905
607
287
736
338
943
744
760
944
935
251
996
996
94
779
614
744
904
726
525
301
46
466
168
155
122
75
897
788
415
74
416
26
383
790
403
518
295
791
969
874
753
55
256
657
443
486
854
440
637
698
662
356
575
337
514
34
372
809
559
324
570
306
969
807
782
393
260
278
827
887
25
405
484
741
4
171
762
289
300
363
53
813
380
645
188
915
488
141
236
37
31
774
421
37
546
552
943
441
922
111
510
394
401
222
501
572
792
679
949
244
365
970
219
386
942
640
402
178
136
841
884
833
878
389
638
152
350
817
993
905
832
589
51
729
616
341
86
569
259
375
75
936
482
340
939
116
484
491
334
132
167
426
236
500
391
471
495
954
404
915
928
935
896
87
997
742
373
43
589
799
218
898
63
479
311
265
928
194
56
572
950
883
88
393
388
838
102
543
519
289
444
34
26
409
582
749
645
758
122
979
331
11
52
311
772
402
993
964
541
582
552
408
987
710
914
610
991
857
580
386
924
305
398
552
224
444
510
539
683
784
174
75
49
520
383
591
872
154
160
774
901
27
30
844
731
234
405
440
176
436
349
457
924
360
469
725
862
117
901
253
565
461
125
308
749
518
631
417
483
761
507
540
999
209
592
653
236
888
975
389
268
306
390
110
648
285
313
663
863
742
514
776
996
300
134
355
345
458
592
704
572
289
603
384
313
280
792
534
20
804
96
728
886
657
277
410
317
454
170
660
247
25
881
547
720
616
193
83
529
281
771
272
75
649
518
547
228
624
491
894
190
53
359
193
839
664
666
11
961
86
248
313
980
140
183
472
386
536
379
588
123
569
23
496
221
272
620
886
25
516
868
644
528
717
344
187
514
451
630
36
96
509
183
957
736
969
327
979
808
641
983
57
472
321
572
722
841
720
583
967
798
308
205
385
81
6
900
60
486
227
645
734
340
545
472
438
973
908
984
359
727
298
138
472
495
889
435
542
502
810
644
381
524
197
549
562
529
126
156
456
699
875
520
892
455
64
163
464
43
139
646
688
947
811
330
253
808
797
388
133
943
906
983
67
176
872
777
377
971
383
802
144
125
455
552
685
157
999
64
507
968
231
445
914
692
218
12
275
588
310
545
835
38
472
852
320
578
814
131
192
655
660
4
201
645
48
262
483
172
788
828
546
107
789
190
21
395
978
257
439
848
644
754
190
954
373
264
51
323
807
270
563
725
610
493
657
761
236
993
401
521
150
823
238
612
902
241
275
171
263
468
64
352
592
820
155
25
61
661
547
983
351
821
287
620
601
818
777
779
956
634
250
953
989
27
960
361
360
585
304
117
280
681
909
190
95
212
560
949
664
116
153
234
78
954
932
18
637
70
95
446
688
877
102
901
627
928
42
830
248
137
238
829
849
84
432
313
843
706
429
5
339
933
469
737
116
552
748
406
828
411
287
355
31
949
281
897
567
380
804
207
392
851
779
82
917
604
682
897
261
717
565
692
731
299
533
167
585
16
272
586
493
222
20
129
221
704
372
387
666
286
490
339
66
293
801
579
987
747
170
565
40
396
210
255
376
994
313
983
904
191
903
694
840
29
813
721
926
810
621
501
491
826
233
759
465
194
98
46
396
436
881
318
866
245
935
391
150
281
208
146
935
18
874
105
606
735
20
445
265
217
267
833
796
984
351
554
606
124
878
773
863
983
237
955
214
852
783
557
622
228
427
356
439
368
265
659
126
208
925
703
882
615
220
944
109
286
318
625
755
644
4
172
501
348
614
731
351
51
499
316
186
921
935
388
397
877
844
167
361
366
943
390
728
878
585
80
814
740
856
199
991
633
721
13
534
970
526
303
407
483
907
832
542
764
10
927
133
321
871
558
890
980
505
666
936
931
729
873
534
598
467
343
680
4
841
117
598
211
887
309
399
580
131
746
257
957
550
855
44
743
141
543
508
113
368
887
523
507
916
749
657
996
140
967
177
752
113
842
261
878
560
439
91
865
463
511
577
782
666
516
114
903
801
403
536
925
607
621
251
245
414
52
511
44
838
729
186
676
935
500
953
161
845
697
271
754
945
214
869
921
611
484
58
538
53
863
160
777
59
875
174
706
45
906
926
785
464
383
60
791
128
44
672
744
792
945
318
748
135
948
948
999
175
999
593
250
921
820
595
904
703
66
107
625
351
766
7
757
676
664
487
561
700
635
829
950
829
821
994
557
227
895
98
676
287
697
266
94
626
667
638
575
801
877
75
602
282
42
414
722
346
835
890
948
49
642
292
351
325
912
361
925
812
933
642
694
745
692
212
890
940
702
370
580
269
53
116
187
32
196
178
358
793
820
856
769
243
689
611
374
565
870
327
225
946
657
700
589
331
121
635
105
646
889
350
686
738
208
10
584
322
319
364
3
362
238
37
963
237
150
271
713
585
33
233
765
647
722
438
204
538
105
401
458
674
768
458
33
646
104
760
97
122
635
282
789
405
757
541
436
487
652
383
30
95
118
259
227
689
851
615
190
55
370
634
222
600
19
468
548
518
598
76
511
231
101
434
493
668
349
362
941
61
851
680
953
154
25
194
10
349
474
407
747
65
759
467
398
806
198
754
794
836
229
138
177
618
941
930
572
491
987
857
468
121
512
659
940
519
371
13
244
935
887
562
506
315
916
127
799
863
967
491
609
659
169
107
287
974
428
276
770
727
19
123
431
693
276
957
450
462
347
979
529
725
373
882
992
35
900
856
589
982
298
450
265
48
741
687
968
756
120
519
837
50
892
710
22
561
498
819
825
637
217
430
243
723
318
218
270
786
959
584
387
350
567
191
468
14
467
27
598
790
646
423
22
483
764
975
952
774
285
656
642
930
820
159
635
953
407
46
944
422
481
829
318
440
189
953
566
907
876
574
765
483
693
468
509
25
736
64
133
125
919
380
30
786
155
772
435
842
65
767
793
195
929
920
543
401
553
851
360
705
782
221
930
250
309
256
37
717
219
458
584
601
390
360
128
56
39
319
600
744
553
162
612
382
443
354
316
648
40
514
39
404
962
993
32
18
58
889
922
981
663
569
370
309
706
33
785
35
868
987
688
627
342
656
212
639
114
222
405
771
269
639
19
761
530
553
763
222
850
756
583
274
754
524
49
459
452
319
964
466
526
913
324
39
135
383
612
91
132
222
401
580
870
637
589
47
936
34
645
175
617
938
708
513
918
440
908
298
313
842
350
902
272
474
346
893
840
693
385
632
248
502
133
908
457
551
401
980
865
736
985
603
270
755
540
206
868
571
679
36
774
169
64
762
190
671
908
411
138
173
604
841
462
763
308
756
901
893
636
778
695
263
80
507
157
256
716
505
780
257
40
331
246
102
252
760
385
174
566
78
557
801
909
942
913
968
302
524
149
419
555
220
340
828
209
146
106
917
719
506
755
528
735
366
448
31
874
87
17
945
22
48
867
182
401
221
147
183
849
707
808
221
576
320
209
330
800
867
455
626
46
551
960
100
553
77
894
75
542
562
123
465
248
908
597
430
524
545
948
826
652
91
365
554
409
807
452
424
270
955
685
393
508
735
722
801
721
406
914
478
871
574
209
985
667
181
876
813
362
496
718
671
348
367
541
907
399
938
989
953
746
212
820
9
527
705
783
319
118
965
851
305
917
247
295
824
242
599
398
493
687
144
295
175
216
459
763
366
401
778
176
30
506
203
753
392
34
782
497
827
629
181
286
546
662
262
713
600
782
151
887
37
326
590
361
683
701
776
823
625
987
249
324
920
420
849
412
46
78
496
502
234
197
495
713
651
318
431
433
214
914
237
273
59
215
69
726
117
121
523
698
22
70
673
672
899
699
239
4
724
575
771
820
606
271
821
420
872
530
49
451
468
186
10
267
297
865
667
572
865
35
122
531
38
780
845
222
696
141
990
363
467
483
105
701
20
818
291
770
425
297
49
848
724
118
485
451
348
246
765
760
8
20
411
489
613
503
583
398
508
716
588
801
616
678
494
930
438
194
844
558
8
406
498
968
687
965
759
346
279
470
794
985
18
352
331
436
624
22
980
762
629
238
2
7
619
690
8
7
177
86
644
866
647
396
986
912
484
343
983
29
941
971
50
138
904
29
200
773
981
261
741
855
382
633
577
523
735
58
464
229
901
14
720
179
55
206
962
106
887
894
160
644
452
387
708
465
510
856
52
541
223
304
315
624
355
851
102
69
83
62
866
41
777
33
56
89
822
514
617
522
522
95
376
122
980
243
61
416
355
732
271
780
466
970
211
212
383
200
123
557
844
160
117
399
914
490
175
4
381
570
58
483
488
727
52
466
853
607
435
941
296
928
192
858
801
783
612
319
503
639
758
811
405
348
895
688
312
775
719
36
556
254
22
999
442
699
647
483
535
991
398
815
451
231
17
545
945
635
426
452
512
136
967
548
382
863
775
454
407
488
748
432
794
793
856
483
603
99
579
657
394
956
60
317
840
615
326
453
456
309
860
542
765
491
851
645
816
30
752
489
48
995
492
945
668
30
694
439
830
736
183
483
605
681
107
755
126
762
482
420
125
605
637
29
463
563
270
191
136
911
61
509
917
611
529
481
576
966
752
619
227
662
792
557
387
373
398
578
572
976
991
8
156
797
394
859
389
755
13
337
592
676
565
904
96
13
141
941
733
600
704
580
408
207
379
746
80
317
40
689
704
480
408
182
317
255
771
54
701
587
202
221
914
802
231
554
912
170
657
435
408
910
681
908
171
895
800
809
729
446
758
779
158
883
814
800
184
963
470
830
148
94
290
641
702
40
853
297
994
996
50
247
84
503
53
910
154
447
68
163
119
295
51
717
626
767
285
462
23
795
549
582
515
879
435
732
370
461
561
6
2
809
545
472
534
165
684
805
530
142
38
928
995
358
414
96
651
182
106
899
6
966
377
741
493
947
809
275
631
961
908
630
39
387
567
906
569
356
986
28
269
245
67
317
364
785
14
905
567
269
797
917
754
725
543
178
476
659
408
904
240
85
88
528
473
828
146
213
523
459
515
144
979
157
541
949
996
708
0
570
384
791
822
7
603
628
869
237
588
827
373
361
901
813
678
837
889
405
625
708
11
75
477
344
80
477
357
123
897
106
42
898
970
285
686
210
550
520
577
656
745
617
158
763
565
497
192
279
71
418
89
67
541
658
704
3
405
345
970
546
855
500
182
6
116
990
980
699
858
513
697
588
238
554
137
825
840
68
253
88
172
223
89
617
731
108
881
215
628
174
954
4
818
678
47
506
58
432
785
983
67
740
827
382
905
778
114
230
25
564
434
923
597
891
282
262
648
509
552
718
918
925
342
836
824
976
951
148
101
91
571
970
928
151
167
71
754
941
582
300
930
553
403
745
718
673
988
854
866
661
209
115
289
64
988
577
434
841
428
573
705
388
460
191
404
296
154
921
404
43
478
737
576
592
791
890
463
867
902
5
498
896
881
809
926
210
430
57
114
303
258
403
203
253
646
451
787
827
792
804
462
970
935
439
229
39
568
5
871
731
31
774
410
856
735
434
154
126
105
65
158
562
984
100
968
167
165
692
146
543
804
615
171
831
933
231
475
978
814
307
486
962
538
38
857
506
218
827
853
392
792
719
394
503
602
992
390
742
568
121
434
341
709
880
218
289
488
291
140
315
266
812
458
56
699
983
237
785
66
691
536
682
711
101
995
0
758
339
507
889
645
452
72
5
924
251
705
609
831
455
566
153
94
956
240
145
252
479
949
787
108
385
894
796
405
676
158
41
669
292
377
782
120
299
91
373
764
600
556
638
321
124
387
198
751
721
873
54
636
49
880
221
9
884
673
220
875
555
7
238
177
475
579
51
897
134
778
207
46
844
294
127
492
267
725
420
546
435
543
925
253
349
348
340
275
380
15
119
913
277
77
808
324
227
266
510
297
499
184
181
261
175
433
323
358
819
799
249
875
687
613
448
416
754
5
899
707
572
927
145
296
421
161
375
692
151
744
250
369
270
597
140
449
860
464
53
768
857
326
814
735
494
692
480
697
198
360
467
463
592
502
146
108
615
558
209
826
779
160
289
184
247
696
187
979
939
7
959
483
156
540
158
977
462
710
24
114
924
75
539
706
354
336
349
41
830
777
712
767
848
820
362
150
965
892
414
40
201
954
471
435
852
933
978
224
627
657
508
62
172
802
980
400
805
475
555
245
455
200
754
29
305
971
809
226
945
477
235
970
502
186
936
409
471
819
554
603
761
964
95
36
731
383
880
523
106
449
47
374
265
279
625
129
399
654
715
342
718
295
863
927
453
993
733
678
176
547
710
501
631
105
168
510
360
277
847
308
384
510
974
347
27
556
434
694
828
665
854
243
782
930
805
108
942
109
945
634
711
608
892
729
808
807
361
238
447
807
822
887
419
473
616
590
73
579
338
122
165
539
453
71
866
412
652
877
533
914
981
732
320
613
378
669
254
392
494
438
899
930
68
217
406
200
132
387
316
756
172
8
999
333
95
711
361
794
307
370
228
245
851
165
251
276
195
907
140
84
129
402
253
443
18
975
578
566
938
457
71
913
783
21
492
661
669
971
570
762
899
902
20
892
530
447
97
116
350
625
350
922
315
923
667
374
350
34
44
953
852
911
722
882
266
554
736
439
518
662
973
719
248
931
445
852
13
218
375
63
705
999
566
180
450
115
613
667
669
81
477
577
337
51
46
809
618
622
291
994
203
377
214
353
844
764
941
22
238
310
243
24
429
125
260
957
436
576
723
748
155
107
352
949
492
940
430
249
19
261
211
171
486
635
333
168
842
879
251
939
683
348
90
274
339
720
751
266
232
312
795
335
71
365
575
194
843
425
879
496
507
24
188
915
849
558
665
771
770
651
818
504
537
710
155
891
668
836
291
101
216
137
488
859
207
172
623
526
574
594
462
460
741
843
389
482
267
402
899
320
77
993
74
565
887
520
277
47
942
700
22
75
865
147
318
616
516
783
822
99
704
68
749
234
57
669
182
497
917
391
185
9
47
929
7
705
951
560
370
808
129
843
152
76
794
557
35
167
595
526
117
577
234
858
803
761
448
102
600
339
580
883
930
127
332
151
659
67
713
864
928
129
304
300
236
325
335
226
297
386
89
834
231
965
809
599
199
51
109
571
377
368
401
648
424
805
337
88
934
444
900
813
748
569
396
259
198
581
522
927
217
64
817
808
222
928
792
296
378
315
808
884
530
927
667
297
141
763
272
794
57
787
871
72
396
931
803
616
817
164
178
187
116
503
12
361
628
429
777
464
824
633
628
41
878
528
16
193
365
67
223
3
617
851
783
121
561
146
567
267
185
349
225
794
788
244
85
39
302
116
202
598
4
754
632
12
526
230
993
609
403
459
814
572
22
968
580
860
408
665
585
745
450
632
399
143
578
906
854
77
675
404
317
569
56
811
139
646
546
784
768
925
369
606
914
569
393
209
968
173
133
311
773
468
596
528
514
599
456
204
195
249
2
519
987
468
254
275
247
513
942
133
26
475
961
896
546
702
323
552
818
919
20
704
735
662
209
31
617
157
488
912
313
478
143
920
891
364
48
7
991
589
734
410
894
793
793
660
501
141
272
191
209
595
486
166
307
963
619
396
759
462
286
809
738
928
92
323
698
511
176
742
684
233
678
699
538
874
582
434
564
381
458
736
743
580
894
190
755
379
812
675
642
707
657
991
656
642
195
454
198
385
14
77
738
217
280
526
653
742
719
65
515
104
672
326
126
543
40
941
817
420
64
696
449
655
906
988
548
278
336
701
796
392
63
620
441
485
33
439
772
772
428
316
879
56
516
600
880
337
672
768
109
276
561
386
849
284
28
940
218
447
370
44
348
344
38
733
374
515
279
94
253
902
105
803
35
685
898
950
429
354
67
875
232
667
934
962
837
807
579
824
747
331
976
839
717
737
658
221
800
917
729
427
903
9
587
152
987
572
34
78
439
575
405
335
254
205
486
32
674
901
801
966
822
536
712
800
124
21
676
282
151
85
697
972
484
128
293
179
380
123
350
873
708
662
577
670
473
283
374
380
327
937
605
495
874
312
449
273
125
232
68
947
935
651
824
863
678
36
461
729
199
58
525
476
725
587
247
202
281
15
131
110
728
685
911
13
812
977
95
234
394
631
170
197
395
749
205
102
318
307
626
534
880
744
133
875
69
177
55
448
498
91
868
35
120
843
400
918
529
963
275
742
282
163
366
881
29
956
24
533
30
707
833
684
472
190
886
489
248
91
346
698
701
1
957
800
307
256
375
656
920
588
617
769
542
680
157
353
714
266
671
662
116
547
191
358
579
521
32
260
59
938
737
209
895
444
824
373
367
524
367
913
110
152
210
727
680
550
882
97
154
390
859
454
46
791
585
773
463
655
347
960
179
649
94
951
136
203
346
952
393
82
870
209
822
928
856
96
17
459
943
649
836
567
975
402
415
607
752
740
242
484
526
780
122
788
517
930
890
724
77
752
857
520
433
909
452
660
887
833
379
647
272
607
32
701
123
577
573
723
458
177
205
238
198
947
263
193
438
589
522
187
598
973
684
307
108
409
253
884
871
150
118
839
388
562
518
673
48
646
738
909
901
681
475
617
127
893
320
390
852
760
436
8
316
699
664
243
376
961
230
928
165
702
769
662
505
937
771
171
521
654
95
260
783
335
55
352
343
165
92
577
235
558
823
509
184
130
104
942
966
163
437
79
151
544
561
990
428
769
651
65
689
204
305
915
281
793
958
924
451
103
791
54
99
660
895
92
85
677
917
157
803
28
279
85
348
324
768
429
44
596
754
619
853
214
948
421
924
158
434
498
556
698
47
612
576
397
137
516
996
47
331
258
701
187
32
197
105
359
274
76
508
620
315
505
830
815
725
558
836
967
911
388
730
750
22
33
764
50
889
994
738
39
390
90
564
516
665
685
783
264
147
283
140
869
602
116
921
907
142
336
234
574
653
472
709
832
170
485
307
695
151
507
639
937
665
333
837
475
241
225
351
65
270
873
884
824
166
288
740
91
891
736
785
238
897
160
697
690
914
204
803
81
801
844
491
562
613
592
265
58
433
861
125
425
747
512
486
772
742
773
549
357
513
332
463
216
369
789
856
385
22
981
104
770
474
354
270
681
686
251
149
113
877
958
217
696
827
109
151
911
525
652
767
837
704
339
349
324
210
142
633
82
32
128
410
716
206
738
985
592
158
989
515
392
740
947
713
285
439
591
764
416
385
709
769
611
863
913
684
899
160
112
293
0
737
804
813
122
665
224
475
6
106
371
536
986
317
684
488
436
73
543
630
167
853
916
899
857
21
103
237
455
594
258
8
1
904
47
533
410
53
652
891
548
887
703
145
959
37
204
873
869
548
927
795
803
79
712
469
349
874
693
931
291
496
963
770
848
279
424
333
175
872
780
253
994
922
83
39
381
672
338
269
297
191
973
763
849
179
682
964
776
27
173
654
460
10
896
924
734
793
321
667
419
815
989
633
864
837
219
730
394
186
265
191
760
907
63
405
476
959
977
361
459
113
277
807
123
413
852
141
891
97
689
917
208
293
563
157
54
308
801
860
152
409
480
64
991
396
978
429
687
848
729
558
431
734
664
153
260
84
522
819
668
248
469
674
109
940
275
875
666
476
120
853
220
242
574
387
921
157
980
197
998
368
114
221
992
910
98
673
461
113
521
708
384
424
79
815
221
653
761
504
879
296
49
749
443
261
818
528
534
505
50
568
907
610
483
908
214
161
120
862
709
487
529
715
45
974
16
768
330
819
266
249
358
218
164
945
753
311
441
821
992
246
132
406
13
454
748
15
875
813
154
387
167
77
205
925
561
423
1
785
999
641
879
808
588
485
116
983
230
258
76
357
982
712
668
785
249
79
456
561
437
126
373
797
193
920
788
201
878
349
912
810
138
341
866
920
666
192
963
924
871
99
900
171
322
308
559
235
458
51
207
703
994
277
553
215
220
508
779
630
455
187
374
741
824
28
128
297
341
546
887
742
972
792
977
919
823
606
116
515
995
321
503
513
920
555
893
51
865
143
457
211
89
49
166
869
817
517
444
473
427
304
760
285
658
27
458
541
952
623
914
356
290
350
152
27
126
419
292
316
404
4
349
690
775
19
144
830
201
562
667
910
724
185
919
325
205
575
410
589
301
216
39
515
792
208
742
325
45
189
894
969
735
271
725
511
167
294
957
350
143
400
497
233
611
604
348
208
761
895
154
635
257
718
707
190
99
124
822
10
110
211
404
966
132
10
835
1
146
487
301
695
311
263
231
24
41
138
965
569
44
317
246
213
928
240
907
933
523
892
520
856
681
356
921
453
214
556
285
928
497
62
516
787
834
852
373
855
799
117
128
941
995
589
311
43
735
149
875
288
785
72
731
27
549
565
643
930
564
738
262
69
941
90
236
844
60
579
762
978
504
149
237
741
998
133
542
647
910
949
981
997
587
70
154
596
495
330
972
334
33
971
298
12
930
359
661
582
300
794
326
256
978
895
220
656
608
560
922
331
955
952
318
157
404
708
803
202
922
1
369
452
275
91
921
828
821
486
273
580
734
112
151
46
162
596
566
869
101
47
6
985
146
405
977
988
392
594
829
427
36
835
445
17
430
572
550
646
366
791
235
750
588
187
703
348
732
821
435
806
768
828
957
970
497
127
684
420
51
45
958
143
83
338
539
753
379
532
307
578
977
75
960
388
338
96
178
157
389
282
81
762
648
796
907
656
737
170
935
743
919
86
785
327
35
564
271
734
457
294
289
43
687
687
286
404
511
517
299
663
351
161
358
133
197
718
328
342
138
142
637
905
468
920
61
150
672
572
336
276
765
937
766
202
20
166
554
965
166
464
237
378
411
559
538
242
532
733
632
123
992
454
603
488
259
104
791
537
629
325
342
272
904
414
146
927
532
329
743
511
619
539
115
22
127
424
236
977
34
398
112
836
179
611
533
945
26
990
494
332
448
797
3
177
860
218
325
450
169
371
226
913
657
615
455
732
180
424
72
508
438
951
63
119
734
871
690
258
939
249
588
194
717
341
889
159
929
672
270
29
242
50
730
783
136
13
711
527
439
142
75
414
528
925
60
883
217
87
989
976
46
49
31
255
381
915
969
410
658
113
720
443
838
482
637
831
27
660
32
166
700
241
332
830
392
231
304
874
58
402
412
854
385
564
381
987
940
848
340
863
517
699
89
785
871
183
631
466
493
773
285
374
699
23
872
569
555
524
983
631
491
864
885
236
705
451
380
347
527
827
825
541
906
305
375
889
36
907
92
868
227
498
591
263
595
409
19
190
975
710
554
841
429
792
772
88
865
78
367
981
354
970
346
6
931
861
759
798
898
903
102
704
604
69
186
761
922
97
431
213
520
482
467
885
876
613
906
46
615
802
673
302
899
997
188
234
451
367
473
927
836
913
890
517
644
316
872
1
791
127
115
362
166
37
124
681
957
866
161
560
397
812
514
616
416
737
308
494
805
10
777
918
771
964
613
663
742
865
476
811
215
651
818
175
100
99
147
603
789
303
444
451
251
22
791
450
554
536
586
789
472
90
507
40
466
462
269
981
62
464
126
987
627
89
567
632
750
334
939
598
863
213
570
801
370
846
217
212
589
868
356
983
811
508
704
452
322
642
364
208
36
409
588
312
332
623
666
977
501
753
463
316
805
447
955
743
731
462
215
588
841
553
288
607
873
450
408
55
390
596
806
875
189
764
867
205
325
432
970
540
8
743
810
726
737
93
940
483
99
774
540
872
895
950
999
499
960
801
60
90
650
779
507
69
827
763
236
364
373
54
496
327
761
60
189
677
102
155
678
916
538
45
303
880
915
562
395
309
907
185
284
629
271
782
0
992
996
906
929
31
961
373
501
316
600
190
987
299
250
482
573
584
424
663
617
582
998
226
485
608
104
928
625
731
235
441
880
327
566
98
277
35
406
167
161
947
999
744
547
898
472
224
75
213
103
672
375
370
143
188
407
37
479
899
23
476
198
801
402
571
135
876
152
593
336
148
769
788
730
68
584
618
266
36
892
623
678
910
997
739
216
429
689
694
942
673
397
257
754
33
891
874
177
833
710
168
580
432
157
18
664
523
829
575
821
151
861
70
536
140
386
196
66
581
340
213
780
350
234
359
500
791
163
13
66
71
261
409
239
977
355
106
409
283
792
887
560
31
975
163
268
10
782
815
655
316
609
461
879
712
139
212
992
896
734
109
145
958
364
214
179
305
548
643
156
364
56
264
456
127
505
208
606
625
525
409
933
911
149
650
891
969
347
702
179
869
97
660
36
809
174
918
864
965
67
41
564
990
818
92
79
453
171
378
74
652
172
82
995
267
564
500
545
161
942
247
292
455
789
780
478
984
524
879
541
883
870
939
126
490
180
631
517
86
423
142
840
649
401
597
412
957
760
808
767
974
881
220
93
0
817
63
227
529
528
480
442
135
259
262
712
268
12
742
120
247
658
894
257
598
92
849
679
993
942
506
857
706
503
466
912
350
305
605
340
311
251
928
141
460
120
10
743
490
891
399
638
247
392
192
671
879
80
898
651
774
749
774
754
343
184
680
63
243
573
821
422
234
700
564
993
445
255
955
684
84
985
783
262
770
246
356
386
820
572
354
165
637
356
654
854
834
717
774
37
963
453
386
213
949
304
273
518
855
125
124
963
79
539
484
796
194
939
386
156
224
938
945
168
831
536
631
791
865
802
795
420
623
848
110
309
735
613
609
412
95
336
877
415
918
956
818
187
178
576
271
710
796
668
853
9
883
640
462
192
579
592
68
696
87
445
460
967
432
335
188
951
702
972
943
716
934
572
464
441
47
111
164
243
738
949
238
87
426
909
112
298
275
347
975
361
344
874
765
833
93
522
613
336
815
745
391
18
790
246
592
797
488
440
460
506
581
81
743
183
467
907
416
88
544
531
428
496
29
41
139
581
725
805
181
579
903
706
368
473
496
74
821
750
920
671
281
167
390
78
537
609
409
903
308
800
333
161
826
628
515
827
924
666
706
490
693
721
546
453
333
957
120
977
685
255
804
939
267
111
729
890
413
148
246
740
939
159
135
364
262
166
867
845
366
247
941
666
803
578
799
972
708
750
167
376
301
601
961
793
854
955
686
569
500
260
368
591
98
814
936
437
174
979
393
424
414
787
768
996
223
11
491
695
152
226
491
187
738
409
411
759
441
611
844
32
469
909
688
916
308
406
247
988
162
714
12
230
910
481
639
739
265
738
498
879
936
354
725
114
826
731
376
269
288
940
303
394
857
720
269
108
49
108
344
502
362
350
594
440
395
7
209
643
888
283
445
872
876
349
574
778
440
512
374
326
671
891
609
487
476
386
700
318
408
904
855
62
240
630
132
13
168
741
65
459
183
459
590
66
728
538
56
737
805
250
332
741
973
919
621
761
217
598
576
663
905
215
900
135
941
261
913
61
661
841
313
988
157
112
703
485
394
167
268
283
90
235
839
892
609
69
255
550
895
817
363
680
702
809
946
194
351
125
401
835
255
760
742
933
663
212
451
217
519
624
470
323
136
836
32
80
813
11
249
368
748
513
945
292
137
775
857
956
646
919
203
234
532
39
942
479
331
63
829
368
910
532
201
304
456
954
722
9
735
222
191
39
931
339
28
636
625
749
932
311
494
688
922
136
15
510
541
619
944
969
843
857
812
186
415
897
924
767
716
174
257
87
955
61
482
113
430
145
935
190
585
265
701
680
774
744
963
580
864
830
549
682
177
75
647
395
585
349
603
342
398
742
429
471
755
46
203
583
265
661
175
600
396
594
108
750
609
892
192
997
128
692
44
809
265
443
655
83
583
544
634
850
496
571
256
905
455
997
300
923
218
863
283
668
935
773
464
71
2
775
985
871
160
481
753
831
773
611
481
95
940
25
404
967
538
208
938
87
583
394
724
137
438
201
4
920
144
361
423
592
168
266
207
291
113
64
90
153
428
538
503
372
464
603
154
268
935
92
985
180
993
854
514
858
652
601
722
819
791
153
166
491
491
278
871
574
984
908
242
242
238
819
163
264
715
781
563
242
662
127
682
695
80
686
866
113
561
986
244
52
50
461
998
190
213
984
412
23
826
276
610
130
96
20
220
367
290
342
388
766
117
410
725
720
119
235
124
499
629
919
404
567
735
788
285
28
409
2
787
946
8
478
396
953
769
716
1
588
624
223
361
615
784
852
692
722
14
805
785
995
80
477
811
171
565
931
431
60
334
863
284
368
59
716
755
51
520
569
579
785
554
978
728
67
920
936
984
118
355
886
945
18
774
426
84
10
175
219
362
321
781
127
505
865
971
803
650
977
791
997
401
251
383
243
461
444
354
709
217
848
953
897
59
786
902
430
926
221
526
513
895
980
507
794
901
264
659
924
733
791
350
525
614
172
60
872
782
945
504
949
27
42
390
687
161
431
236
702
74
594
641
42
868
125
436
746
908
613
772
779
695
452
535
166
934
446
712
894
7
147
244
968
122
917
293
617
421
316
76
729
542
82
51
208
453
585
318
240
452
288
979
221
656
644
518
750
495
791
752
96
430
287
350
258
346
607
259
863
850
247
165
457
330
802
192
35
209
608
368
9
911
880
21
642
607
152
462
972
774
812
873
506
94
635
742
697
624
526
446
788
792
652
320
848
968
676
669
646
998
848
29
322
111
481
854
936
312
40
958
308
385
974
453
38
919
270
277
147
791
169
568
779
563
20
295
22
403
865
682
162
372
775
370
40
966
163
776
351
907
367
296
508
650
266
36
601
970
233
51
588
249
165
66
441
231
290
807
116
47
293
45
376
446
719
418
204
882
494
16
37
383
980
167
533
917
495
817
841
680
340
140
134
755
933
501
776
274
860
989
832
135
437
909
981
891
203
345
572
483
586
773
544
456
466
181
295
354
409
621
787
881
788
982
122
782
554
794
547
749
796
347
214
382
15
840
865
923
929
574
20
771
907
521
545
48
165
929
109
829
371
443
666
24
923
439
940
448
184
202
3
487
603
120
783
886
230
258
181
684
139
921
428
49
809
361
627
813
532
155
586
22
52
121
829
554
763
453
165
782
489
168
950
733
378
364
274
613
599
675
365
889
912
74
348
844
228
921
273
412
687
936
239
203
689
543
5
709
780
88
386
225
506
346
798
630
855
599
581
640
419
396
942
609
305
427
803
138
724
599
381
927
750
551
562
155
713
998
240
819
903
174
706
698
275
574
52
94
714
655
880
346
665
518
29
28
464
258
952
428
726
98
834
95
768
800
773
855
529
887
746
950
532
569
462
708
866
873
649
422
917
461
662
614
414
990
70
673
373
320
991
289
417
530
551
998
599
874
314
707
987
150
45
843
487
444
785
254
589
763
909
965
232
831
73
563
930
296
72
369
572
864
725
925
879
974
524
598
549
825
112
972
180
578
378
784
323
478
625
748
966
366
950
220
800
927
762
48
512
119
737
181
196
588
576
926
390
37
573
507
200
484
684
411
274
514
481
296
663
953
718
36
905
845
152
737
380
855
314
710
40
927
85
284
107
101
47
44
605
901
386
977
647
331
871
944
525
534
513
217
751
580
720
825
625
345
603
661
748
186
698
643
715
407
703
307
879
884
257
525
122
312
415
272
673
387
929
355
810
280
733
382
160
170
559
55
199
542
477
340
97
395
700
984
826
853
210
247
200
503
170
35
175
565
460
802
940
25
160
29
135
5
887
511
892
789
50
941
675
587
942
991
254
22
156
267
490
902
515
310
251
296
40
437
172
547
515
70
7
754
145
255
835
731
90
492
445
508
314
633
666
71
536
742
209
234
415
806
167
937
11
359
251
321
972
496
790
184
879
296
493
381
369
843
37
232
767
215
208
238
593
541
990
639
506
541
548
757
927
778
801
856
355
808
651
246
484
921
933
375
400
261
121
17
136
911
622
13
144
743
67
601
676
165
404
102
284
241
523
517
625
615
86
155
515
502
506
501
887
562
842
223
714
582
547
471
476
562
388
926
690
847
817
942
521
771
302
52
652
654
754
281
557
339
773
242
535
126
344
179
746
351
870
536
770
103
53
87
438
55
291
615
779
691
230
657
27
75
712
719
132
741
952
292
426
396
378
461
828
383
598
979
439
655
205
824
448
825
304
605
837
0
473
684
852
634
838
535
569
582
471
184
236
780
619
80
452
506
258
451
347
33
292
513
815
364
168
900
805
602
399
312
621
783
403
915
954
734
458
514
878
318
707
333
185
505
265
454
236
574
876
155
463
853
142
375
389
175
33
417
452
382
374
714
347
864
760
121
124
174
487
489
804
878
164
948
843
204
755
648
923
871
631
26
627
916
577
600
843
860
887
537
212
791
244
488
729
554
705
472
551
299
168
591
162
366
337
278
932
646
249
573
540
277
821
762
490
227
813
964
138
22
409
394
120
327
386
55
649
93
298
512
417
766
980
420
517
770
906
234
849
977
222
275
861
415
579
931
217
345
869
742
579
49
926
457
151
718
592
885
89
935
960
394
166
95
652
737
124
981
399
576
842
12
201
972
714
424
522
425
988
409
884
323
532
565
752
637
316
425
919
410
27
449
590
101
608
743
263
802
806
504
873
302
356
927
539
873
240
880
989
185
728
66
771
543
901
267
32
582
109
878
605
797
751
257
667
667
295
69
640
783
46
603
340
16
929
145
808
177
986
600
798
320
505
555
894
106
168
182
900
693
32
822
898
361
912
761
482
524
887
813
817
670
791
343
902
367
208
634
837
799
539
528
189
626
808
913
96
50
880
153
220
917
318
263
799
147
625
246
815
813
449
402
123
237
971
466
272
427
45
629
31
337
224
604
822
523
477
57
303
933
947
882
121
767
449
274
32
637
875
285
850
244
184
827
789
486
270
831
576
308
809
692
374
370
1
589
733
509
879
88
202
976
970
179
813
36
143
967
313
834
925
617
665
939
820
448
607
102
418
865
449
34
186
79
614
743
693
867
687
902
427
709
211
686
257
44
406
715
516
872
674
166
544
841
893
399
117
292
808
769
883
179
569
198
537
48
340
860
272
522
702
451
994
191
537
269
728
271
443
474
276
84
152
655
222
39
710
36
725
356
124
122
499
448
872
849
169
316
634
211
700
260
231
326
715
856
127
644
817
578
216
865
363
650
956
251
631
229
190
863
288
403
389
409
336
60
793
881
258
544
888
562
353
174
202
696
399
960
178
611
980
349
21
562
678
118
554
311
73
651
967
558
232
239
288
160
722
622
936
307
850
421
818
291
434
511
174
140
196
4
25
717
727
304
873
676
627
378
544
318
739
349
745
751
367
83
753
463
130
461
602
874
10
119
866
355
989
404
478
760
152
643
64
659
410
883
139
942
249
34
589
397
750
49
114
235
784
692
715
473
470
853
209
750
525
886
435
354
119
201
610
360
679
351
39
948
223
11
871
408
962
531
157
778
833
360
504
222
985
623
913
346
866
126
429
887
18
359
853
993
732
458
788
513
768
24
441
714
672
686
45
189
308
615
248
265
879
60
631
182
974
854
3
193
265
794
839
361
335
158
754
355
184
625
461
951
583
260
858
98
250
182
196
996
201
214
462
852
408
9
186
333
618
537
557
901
498
658
871
130
869
641
651
92
374
66
315
125
623
609
706
749
232
239
397
228
246
354
715
48
618
384
271
547
131
343
380
981
703
797
653
814
558
98
395
413
27
843
31
406
881
762
159
172
355
94
634
878
150
765
644
43
292
335
187
619
503
339
620
299
632
327
691
371
488
88
721
451
406
898
54
827
452
452
226
428
334
457
773
109
364
600
78
967
183
719
557
272
494
313
645
547
390
604
79
176
948
512
900
453
862
272
331
115
191
584
219
592
102
79
603
105
566
665
124
543
993
541
345
301
218
390
165
275
403
16
550
136
854
139
680
138
210
940
318
201
501
986
87
462
248
268
791
417
316
495
180
702
296
44
442
871
412
117
698
414
655
895
171
268
899
348
988
94
888
115
91
910
508
158
195
288
661
780
699
527
326
675
190
986
840
874
331
639
516
989
626
619
440
653
165
573
617
173
631
50
859
708
143
684
600
418
572
922
186
243
456
862
881
348
444
941
74
431
554
512
594
406
21
173
609
906
702
320
486
780
249
368
916
899
530
867
743
613
302
330
155
88
61
391
975
413
43
74
155
431
800
993
981
144
548
175
275
710
47
139
464
69
411
434
356
661
132
763
720
475
621
976
910
613
827
697
172
403
804
849
167
958
800
751
412
395
668
8
1
445
935
717
122
460
981
481
638
43
36
269
856
458
875
718
205
158
630
958
91
221
387
810
554
146
426
890
139
968
612
566
829
617
634
947
723
277
403
777
133
867
67
454
991
853
920
690
165
198
214
81
102
593
605
173
826
295
738
938
283
478
48
761
905
916
382
652
696
585
142
238
527
257
183
362
267
420
216
958
252
321
403
845
979
854
1
612
594
982
881
933
677
151
72
496
626
673
343
774
63
877
861
376
574
238
126
634
687
989
708
855
631
570
47
768
943
225
565
792
311
527
341
55
865
391
899
858
887
575
729
42
603
598
32
169
15
649
761
858
223
571
153
586
314
811
180
870
140
927
792
127
881
999
430
94
910
829
472
601
647
259
813
148
897
820
234
481
322
3
568
889
552
675
982
857
771
182
748
738
454
665
440
1
920
452
7
441
245
864
246
491
33
625
627
501
656
376
587
761
319
609
486
973
869
180
716
659
256
846
774
614
757
847
193
920
556
566
909
347
513
802
364
524
262
695
149
880
165
106
698
362
338
514
467
914
872
212
848
202
863
38
524
978
542
435
861
292
432
922
575
728
86
560
700
769
466
489
20
19
314
754
388
635
299
18
432
695
272
974
653
308
380
670
434
42
378
887
780
674
723
265
89
940
249
301
495
657
721
876
587
133
644
408
142
911
893
255
690
781
540
591
176
515
829
206
513
240
108
507
944
498
204
967
77
634
167
647
483
662
102
865
727
934
586
224
566
138
673
618
229
221
641
902
526
720
139
153
552
489
343
909
802
773
75
744
974
504
284
888
193
820
303
600
815
627
152
435
513
946
32
34
962
341
880
329
658
991
795
785
730
117
858
20
340
779
599
639
921
109
510
508
620
572
773
680
487
920
608
476
509
728
972
890
630
446
848
355
819
39
714
644
106
190
84
609
260
688
832
144
865
596
76
49
22
83
65
641
887
704
159
268
541
307
450
869
688
483
353
88
509
891
152
331
153
690
369
674
574
484
322
870
69
305
869
703
142
217
401
824
928
326
67
522
110
491
966
289
253
137
273
993
512
302
436
694
416
123
899
369
613
791
197
696
191
445
877
599
480
101
818
95
173
807
816
529
342
144
884
136
681
294
662
137
566
398
854
959
777
402
274
854
785
320
374
288
898
855
429
568
766
672
161
728
95
559
641
812
905
527
424
374
76
520
204
165
123
642
732
121
447
108
435
813
328
835
44
893
598
984
205
643
645
731
234
894
520
216
321
328
489
115
339
718
525
660
66
169
391
311
756
166
109
621
484
627
780
551
977
905
723
426
630
261
901
444
922
681
815
443
630
861
730
135
995
775
517
952
850
284
160
707
456
949
74
241
849
97
18
564
332
167
127
942
30
114
233
680
914
245
548
181
284
919
186
990
766
741
410
287
729
796
518
491
840
734
808
905
194
659
12
912
41
588
723
248
743
132
991
700
257
808
905
850
837
558
563
649
820
724
853
878
688
779
104
281
129
932
844
402
476
53
197
680
654
600
944
177
484
330
875
263
220
424
120
272
725
877
655
646
223
799
888
744
708
567
181
698
509
542
544
680
139
361
417
424
524
918
560
224
918
741
382
525
531
567
402
338
40
857
730
380
985
569
431
170
190
311
664
87
325
875
243
880
647
766
873
744
431
968
250
740
566
99
711
793
897
374
235
597
524
904
79
538
730
316
161
515
918
903
421
342
137
626
881
36
817
38
722
367
579
0
229
938
607
164
27
459
247
84
154
567
241
897
226
292
61
630
105
388
603
610
458
58
985
654
917
319
931
202
3
255
916
738
711
270
117
850
55
827
426
258
757
746
618
964
914
522
774
236
557
839
506
719
194
403
692
187
442
657
869
979
210
926
346
775
625
969
253
809
23
895
944
949
66
121
902
294
626
256
476
704
921
839
64
650
77
881
431
513
352
142
618
758
619
530
816
693
712
966
704
886
809
129
619
826
727
41
118
399
622
55
695
878
888
716
699
915
260
428
402
580
226
55
640
746
958
209
552
971
425
536
402
65
732
159
501
345
890
967
901
521
80
608
150
820
478
128
345
426
148
274
907
638
227
123
101
335
358
686
926
906
873
84
98
922
744
949
658
321
251
90
925
638
647
887
712
906
283
226
986
494
443
851
390
932
496
230
82
531
796
925
143
88
406
6
54
433
991
928
909
511
844
190
4
21
708
345
621
200
774
861
547
428
912
105
358
395
623
983
464
186
328
477
589
808
517
339
777
718
970
309
171
980
178
448
852
102
715
309
361
589
595
261
559
419
1
518
139
134
420
775
152
784
676
714
754
591
799
170
770
887
162
867
172
948
507
273
262
672
477
989
718
353
130
838
896
669
22
680
223
527
979
205
11
875
495
918
383
306
480
31
695
253
645
448
616
367
327
858
293
996
440
41
885
570
917
138
919
47
197
1
339
386
576
942
999
632
660
6
177
251
925
46
282
310
306
896
167
519
163
46
998
579
220
891
256
883
404
742
435
383
560
549
908
641
34
753
769
383
599
232
297
324
312
272
46
613
82
263
290
190
782
813
218
619
277
220
896
923
661
31
688
290
627
79
173
841
278
337
955
692
519
7
822
508
777
484
323
613
925
206
383
691
510
949
468
367
475
499
287
683
563
487
476
588
924
583
981
504
206
387
364
42
850
268
401
520
466
253
581
43
293
859
387
370
292
915
237
671
722
506
411
346
802
942
302
425
324
567
8
146
232
766
454
755
818
293
965
270
6
443
347
191
321
439
504
328
746
384
49
900
444
790
952
508
964
358
306
23
213
415
931
441
738
409
447
927
140
414
753
883
797
175
899
665
314
506
134
18
173
119
35
477
705
965
984
890
786
815
91
916
687
352
297
343
257
711
16
646
2
66
549
366
110
895
73
672
612
324
487
169
397
962
91
608
409
104
66
133
377
804
668
706
260
830
227
803
409
847
610
674
303
18
119
374
832
659
23
885
817
881
445
653
672
51
764
175
865
493
804
668
534
736
601
406
285
860
901
830
998
919
122
892
207
178
41
553
765
922
49
45
335
189
247
437
141
120
992
580
183
558
79
254
414
184
605
343
86
914
812
226
1
486
51
359
723
654
945
678
4
885
813
883
404
904
40
409
723
320
555
881
486
385
176
715
332
142
256
969
261
62
934
120
572
328
826
180
191
505
573
804
657
342
113
857
905
222
633
854
713
601
356
831
530
413
295
958
703
822
875
167
60
465
570
54
813
525
242
521
571
4
898
460
736
188
824
293
460
328
598
190
262
507
101
566
745
228
30
895
343
279
910
814
196
346
511
403
40
243
93
468
428
969
640
89
532
238
384
295
157
18
772
915
592
117
938
431
256
641
632
933
507
1
245
524
428
202
417
169
765
858
761
25
191
492
270
843
352
946
746
599
416
214
189
575
921
855
940
585
319
783
117
345
464
278
875
190
851
264
806
184
648
670
207
413
733
711
414
144
727
9
140
666
947
63
107
917
932
384
556
338
421
201
71
400
654
440
375
711
713
679
784
324
367
159
390
148
414
19
917
675
597
160
675
84
946
932
961
638
301
22
265
269
764
851
507
690
137
390
953
458
198
112
429
100
597
972
804
523
836
377
43
465
623
917
72
663
807
150
648
490
5
781
257
185
562
900
519
96
337
354
824
128
188
84
235
792
986
669
466
618
192
366
626
423
121
844
940
591
192
172
614
917
75
630
980
322
926
675
797
285
446
138
308
292
625
475
784
95
348
527
395
773
259
954
719
595
781
308
767
110
682
432
746
547
982
665
729
687
604
509
187
347
139
577
645
232
272
428
695
796
351
969
37
791
836
389
866
489
738
826
626
978
126
356
532
724
470
566
483
860
584
346
432
942
43
218
6
747
537
463
230
685
936
821
207
250
975
345
596
974
783
585
428
427
692
127
658
847
441
765
731
60
703
774
501
399
859
265
653
977
712
528
84
937
463
290
423
372
590
639
829
554
692
147
50
888
556
360
751
318
785
526
235
885
293
346
382
145
277
710
920
591
595
648
815
271
826
205
109
663
264
491
488
663
80
231
493
343
990
507
718
510
890
962
346
277
879
110
459
321
333
478
43
448
849
350
220
671
276
631
720
523
38
234
637
817
491
24
312
530
177
642
147
713
737
943
225
484
304
231
824
99
561
279
961
377
711
958
88
152
179
160
764
216
134
638
930
856
489
911
76
541
865
416
826
812
814
195
427
311
395
147
542
256
784
455
811
63
262
308
669
463
383
89
11
948
40
432
232
897
79
301
607
283
518
210
458
537
401
375
496
125
916
295
997
526
405
90
982
232
202
898
129
281
566
759
71
301
61
586
926
372
948
511
44
350
961
785
418
403
537
388
383
792
657
326
881
489
416
478
237
190
615
234
648
206
541
939
92
305
351
681
990
433
397
974
175
740
266
701
149
117
895
75
808
704
824
738
599
743
969
939
70
116
518
456
778
163
560
999
83
952
187
502
681
405
261
130
827
211
166
622
610
862
761
61
447
636
735
554
683
298
456
171
66
442
391
929
879
413
777
756
279
627
409
418
97
707
486
986
761
485
632
191
691
733
530
762
707
541
176
544
49
607
148
218
868
428
130
19
128
415
588
407
121
104
975
759
756
942
31
547
324
231
80
118
400
277
244
293
987
192
623
676
157
534
957
395
578
700
969
719
177
826
992
889
613
715
826
337
400
356
818
178
99
826
400
464
261
768
535
277
831
206
132
583
304
244
407
968
417
23
690
659
507
448
984
573
97
24
144
552
873
671
791
71
338
753
271
756
151
349
75
952
577
512
328
79
690
348
811
581
889
27
266
846
990
772
511
99
662
23
880
262
979
222
665
8
763
265
0
200
237
79
656
464
922
362
416
433
839
541
370
112
448
820
413
862
28
67
57
386
468
788
263
9
77
723
579
558
148
298
389
9
587
157
469
591
295
841
45
511
944
902
328
862
628
316
316
199
161
738
5
748
208
666
136
488
757
583
183
864
325
555
809
82
354
793
597
39
417
961
999
167
465
983
921
245
783
745
544
961
543
955
543
91
880
730
685
473
387
314
722
817
291
19
917
758
347
231
491
786
345
29
959
10
266
316
314
490
31
487
774
322
840
489
17
441
961
146
29
189
748
672
540
631
436
114
626
249
516
53
229
425
495
283
632
976
428
323
94
959
847
748
406
388
813
454
72
932
777
515
35
739
709
255
209
626
637
68
727
703
162
124
390
992
672
618
467
151
115
317
353
211
227
41
814
963
861
392
626
647
126
871
620
384
305
285
630
598
257
212
519
78
774
889
885
270
413
928
317
720
243
379
588
941
115
675
109
264
752
494
853
452
356
860
941
857
576
72
112
46
239
756
626
495
389
685
313
817
847
250
601
119
1
442
861
973
906
528
3
709
106
12
841
550
74
584
528
968
510
440
463
213
557
913
686
245
320
990
901
255
582
831
856
344
384
993
600
664
41
452
303
650
133
273
854
515
986
712
316
650
358
105
201
834
165
180
824
111
163
266
831
929
742
144
977
580
734
434
109
600
122
553
691
238
774
427
488
822
302
885
513
468
723
693
125
96
664
642
381
370
378
432
282
217
216
687
484
752
947
302
606
621
979
477
437
108
498
768
477
987
350
906
847
76
315
959
628
599
609
483
664
765
182
460
116
404
356
648
679
764
759
979
596
195
307
91
321
998
291
794
296
292
820
627
468
553
752
140
132
514
711
461
510
287
455
71
896
897
713
542
859
102
238
490
117
488
59
546
620
263
267
800
229
265
950
709
160
993
804
412
763
71
317
95
654
301
509
714
203
160
78
827
297
228
402
6
372
809
961
642
708
407
363
773
251
659
250
707
672
775
225
24
781
660
655
362
22
722
367
375
748
447
672
267
836
750
789
873
939
417
25
473
756
106
637
897
48
593
482
858
559
586
187
599
242
843
913
337
666
778
989
125
756
822
680
661
253
94
849
704
55
701
616
283
711
803
710
555
454
403
327
385
645
15
500
603
509
132
276
359
425
776
186
576
299
74
734
821
322
511
607
719
591
663
428
590
525
568
400
457
227
243
944
500
504
365
267
872
466
331
700
374
706
410
27
123
954
351
95
311
603
329
209
66
209
517
490
611
171
609
236
582
821
459
359
909
381
606
498
654
372
526
279
674
582
236
13
844
660
255
544
256
268
769
493
425
921
990
915
222
857
636
406
631
354
249
635
925
36
623
643
126
234
260
282
516
392
123
204
988
151
79
19
387
284
708
777
630
103
705
417
469
589
614
427
452
188
806
942
907
199
318
527
137
44
380
1
995
130
982
655
628
574
649
750
220
16
272
301
36
563
930
697
821
727
118
422
480
370
133
566
927
8
169
725
769
885
167
50
427
396
176
983
551
568
563
78
923
760
937
450
966
933
185
829
623
352
925
376
727
850
472
719
562
576
25
531
831
165
604
907
318
734
44
528
241
297
262
177
870
582
318
94
434
829
280
195
71
317
626
758
116
778
908
252
27
569
563
356
981
185
767
101
159
320
90
336
796
678
51
455
568
345
481
578
